50       0.00001435      17244.02392027
100      0.00010762      18490.61798848
150      0.00038280      17574.22780269
200      0.00090520      17631.38826876
250      0.00205381      15185.19856518
300      0.00356889      15105.54670586
350      0.00505207      16949.00710999
400      0.00752072      16998.36494062
450      0.01214550      14988.89043086
500      0.01751163      14261.95043915
600      0.02907863      14843.89223234
700      0.04528639      15137.21787234
800      0.06734362      15196.09509268
900      0.09777634      14903.29847246
1000     0.14202800      14074.68969896
1100     0.18570657      14327.92621194
1200     0.25077496      13775.53826966
1300     0.35189002      276.62820678
1400     0.47869909      2488.14491946
1500     0.69091010      3550.07503968
2000     2.51691689      2942.51487722
2500     5.10319858      2755.89526973
3000     9.34781687      3019.01466499
3500     14.88003054     2875.53691067
4000     22.71212456     2798.48282734
4500     32.54073350     2828.31475731
5000     44.87147615     2795.11527541
