50       0.00001681      14724.68425532
100      0.00013351      14904.75885714
150      0.00044401      15151.79088224
200      0.00117240      13613.10689389
250      0.00236907      13164.44820160
300      0.00455613      11832.40686140
350      0.00695436      12312.77930659
400      0.00955179      13383.88250934
450      0.01330481      13682.83786655
600      0.03114142      13860.63776396
700      0.04828553      14197.00625920
800      0.07137105      14338.58592994
900      0.14657743      9941.43506454
1100     0.21609619      12312.98914339
1200     0.42882361      8055.89964323
1300     0.70220146      6255.05675934
1400     0.95565338      5740.61695074
1500     1.24501092      5419.83196138
2000     3.33735199      4793.02154797
2500     6.42306314      4864.30684902
3000     10.59004092     5098.28058237
3500     16.98275483     5048.51838678
4000     22.94745951     5577.26226561
4500     32.85555151     5546.39145143
5000     45.25440090     5523.77216459