50       0.00004060      6095.65613623
100      0.00032766      6073.39369861
150      0.00132213      5088.39401306
200      0.00148740      10730.14648158
250      0.00313933      9934.44791263
300      0.00588024      9167.99840412
350      0.00902498      9487.83509477
400      0.01431861      8928.24141493
450      0.02004621      9081.39231184
500      0.02877238      8680.20016556
600      0.04994292      8642.66601946
700      0.07673833      8933.08424785
800      0.11614485      8811.06668758
900      0.20444579      7127.51282934
1000     0.38235841      5228.07909624
1100     0.66850882      3980.18685356
1200     1.02211201      3379.82526352
1300     1.43556733      67.80782892
1400     1.82481513      652.70869595
1500     2.20145965      1114.16200983
2000     5.16198373      1434.73242026
2500     10.31336570     1363.65578687
3000     17.91979921     1574.86118541
3500     28.80985532     1485.18888997
4000     43.97292433     1445.42332655
4500     62.92828801     1462.54474258
5000     85.81924317     1461.45484142
